1 1
30      132
258     317
487     684
887     944
1020	1067
1186	1272
1469    1601
1835	2139
2564	2683
2906	3055
1 2
62      163
301     373
535     702
872 	939
954     1011
1078	1144
1586    1688
1876	2163
2340	2449
2623	2722
2 1
1       131
275     358
448     594
728     786
819     867
966     1030
1367	1477
1495	1719
2034	2084
2310	2424
2 2
26      126
232     299
397     521
661     717
741     771
833     867
1141    1213
1248    1389
1603    1667
1940    2037
3 1
48      167
368     431
535     680
832     877
915     937
1073    1128
1391    1463
1500    1846
2035    2101
2492    2572
3 2
48      141
264     320
412     523
665     704
773     794
928     1002
1263    1341
1368    1583
1752    1791
2288    2385
4 1
10      98
190     282
320     408
477     525
546     585
701     745
1030    1082
1149    1339
1501    1569
1904    1973
4 2
23      95
169     238
244     298
NaN     NaN
442     459
519     563
800     864
1018    1129
1255    1328
1469    1531
5 1
38      148
318     409
450     571
NaN     NaN
872     921
1006    1070
NaN     NaN
1475    1764
NaN     NaN
2075    2133
5 2
50      135
258     303
369     477
NaN     NaN
749     782
NaN     NaN
NaN     NaN
1306    1464
1758    1844
2015    2074
6 1
30      123
297     355
481     580
687     739
780     817
987     1018
1241    1298
1342    1541
1699    1792
1955    1993
6 2
30  	111
241     322
362     465
599     634
689     726
782     812
1059    1138
1224    1353
NaN     NaN
1756    1831
7 1
33      108
213     289
332     433
547     585
616     652
705     745
1034    1087
1200    1417
1599    1664
1830    1913
7 2
30  	95
182     247
267     332
401     447
460     508
575     614
859     912
972     1179
1404    1503
1646    1732
8 1
26  	91
201     233
306     344
384     451
453     479
485     512
683     723
724     901
1020    1071
1169    1205
8 2
41      109
201     260
306     365
480     515
561     591
626     665
979     1037
1082    1229
1346    1390
1593    1646
9 1
2   	89
342     394
478     601
683     737
779     824
861     906
1151    1220
1269    1472
1632    1712
1889    1946
9 2
42      136
252     333
381     503
606     661
686     724
750     784
1050    1128
1150    1379
1619    1693
1854    1923
10 1
21  	97
215     251
284     350
405     450
456     485
522     556
700     759
892     1040
1245    1287
1416    1468
10 2
12  	85
168     211
219     294
350     391
407     439
450     480
643     702
756     858
1036    1070
1197    1257